## MapleUnion
UnionOptions <- c("STR", "DEX", "INT", "LUK", "HPP", "HP", "STRDEXLUK", "ATK", "IGR", "BDR", "CRR", "CDMR", "SummonedDuration", 
                  "BuffDuration", "CoolReduceP", "Others")
### Union Options
{Hero <- c(10, 20, 40, 80, 100) # STR
Palladin <- c(10, 20, 40, 80, 100) # STR
DarkKnight <- c(2, 3, 4, 5, 6) # HPP
ArchMageFP <- c(0, 0, 0, 0, 0) # MPP
ArchMageTC <- c(10, 20, 40, 80, 100) # INT
Bishop <- c(10, 20, 40, 80, 100) # INT
BowMaster <- c(10, 20, 40, 80, 100) # DEX
Marksman <- c(1, 2, 3, 4, 5) # CRR
PathFinder <- c(10, 20, 40, 80, 100) # DEX
NightLord <- c(1, 2, 3, 4, 5) # CRR
Shadower <- c(10, 20, 40, 80, 100) # LUK
DualBlader <- c(10, 20, 40, 80, 100) # LUK
Viper <- c(10, 20, 40, 80, 100) # STR
Captain <- c(4, 6, 8, 10, 12) # SummonedDuration
CannonMaster <- c(10, 20, 40, 80, 100) # STR
Mikhail <- c(250, 500, 1000, 2000, 2500) # HP
SoulMaster <- c(250, 500, 1000, 2000, 2500) # HP
FlameWizard <- c(10, 20, 40, 80, 100) # INT
WindBreaker <- c(10, 20, 40, 80, 100) # DEX
NightWalker <- c(10, 20, 40, 80, 100) # LUK
Striker <- c(10, 20, 40, 80, 100) # STR
Aran <- c(0, 0, 0, 0, 0) # HPDrain
Evan <- c(0, 0, 0, 0, 0) # MPDrain
Luminous <- c(10, 20, 40, 80, 100) # INT
Mercedes <- c(2, 3, 4, 5, 6) # CoolReduce
Phantom <- c(0, 0, 0, 0, 0) # MesoDrop
Eunwol <- c(1, 2, 3, 5, 6) # CDMR
Blaster <- c(1, 2, 3, 5, 6) # IGR
BattleMage <- c(10, 20, 40, 80, 100) # INT
WildHunter <- c(0.8, 1.6, 2.4, 3.2, 4) # BDR
Mechanic <- c(5, 10, 15, 20, 25) # BuffDuration
Xenon <- c(5, 10, 20, 40, 50) # STRDEXLUK
DemonSlayer <- c(0, 0, 0, 0, 0) # DisorderImmune
DemonAvenger <- c(1, 2, 3, 5, 6) # BDR
Kaiser <- c(10, 20, 40, 80, 100) # STR
Kain <- c(10, 20, 40, 80, 100) # DEX
Cadena <- c(10, 20, 40, 80, 100) # LUK
AngelicBuster <- c(10, 20, 40, 80, 100) # DEX
Adele <- c(10, 20, 40, 80, 100) # STR
Illium <- c(10, 20, 40, 80, 100) # LUK
Ark <- c(10, 20, 40, 80, 100) # STR
Hoyeong <- c(10, 20, 40, 80, 100) # LUK
Lara <- c(10, 20, 40, 80, 100) # INT
Zero <- c(0, 0, 0, 0, 0) # EXP
Kinesis <- c(10, 20, 40, 80, 100) # INT
MapleM <- c(5, 10, 15, 20, NA) # ATK
Options <- c("STR", "STR", "HPP", "Others", "INT", "INT", "DEX", "CRR", "DEX", "CRR", "LUK", "LUK", "STR", "SummonedDuration", "STR",
             "HP", "HP", "INT", "DEX", "LUK", "STR",
             "Others", "Others", "INT", "CoolReduceP", "Others", "CDMR", 
             "IGR", "INT", "BDR", "BuffDuration", "STRDEXLUK", "Others", "BDR", 
             "STR", "DEX", "LUK", "DEX", "STR", "LUK", "STR", "LUK", "INT", "Others", "INT", "ATK")
Union <- rbind(Hero, Palladin, DarkKnight, ArchMageFP, ArchMageTC, Bishop, BowMaster, Marksman, PathFinder, 
               NightLord, Shadower, DualBlader, Viper, Captain, CannonMaster, 
               Mikhail, SoulMaster, FlameWizard, WindBreaker, NightWalker, Striker, 
               Aran, Evan, Luminous, Mercedes, Phantom, Eunwol, 
               Blaster, BattleMage, WildHunter, Mechanic, Xenon, DemonSlayer, DemonAvenger, 
               Kaiser, Kain, Cadena, AngelicBuster, Adele, Illium, Ark, Hoyeong, Lara, Zero, Kinesis, MapleM)}
UnionCharacters <- data.frame(Union, Options, stringsAsFactors=F)
colnames(UnionCharacters) <- c("B", "A", "S", "SS", "SSS", "Options")

### Union Priority
{UnionPrior <- list()
UnionPrior$STR <- c("Marksman", "NightLord", "Captain", "Mercedes", "Eunwol", "Blaster", "WildHunter", "Mechanic", "DemonAvenger", 
                    rownames(subset(UnionCharacters, UnionCharacters$Options=="STR")), "Xenon", 
                    rownames(subset(UnionCharacters, UnionCharacters$Options=="DEX")), 
                    rownames(subset(UnionCharacters, UnionCharacters$Options=="LUK")), 
                    rownames(subset(UnionCharacters, UnionCharacters$Options=="INT")))
UnionPrior$DEX <- c("Marksman", "NightLord", "Captain", "Mercedes", "Eunwol", "Blaster", "WildHunter", "Mechanic", "DemonAvenger", 
                    rownames(subset(UnionCharacters, UnionCharacters$Options=="DEX")), "Xenon", 
                    rownames(subset(UnionCharacters, UnionCharacters$Options=="STR")), 
                    rownames(subset(UnionCharacters, UnionCharacters$Options=="LUK")), 
                    rownames(subset(UnionCharacters, UnionCharacters$Options=="INT")))
UnionPrior$LUK <- c("Marksman", "NightLord", "Captain", "Mercedes", "Eunwol", "Blaster", "WildHunter", "Mechanic", "DemonAvenger", 
                    rownames(subset(UnionCharacters, UnionCharacters$Options=="LUK")), "Xenon", 
                    rownames(subset(UnionCharacters, UnionCharacters$Options=="DEX")), 
                    rownames(subset(UnionCharacters, UnionCharacters$Options=="STR")), 
                    rownames(subset(UnionCharacters, UnionCharacters$Options=="INT")))
UnionPrior$INT <- c("Marksman", "NightLord", "Captain", "Mercedes", "Eunwol", "Blaster", "WildHunter", "Mechanic", "DemonAvenger", 
                    rownames(subset(UnionCharacters, UnionCharacters$Options=="INT")), 
                    rownames(subset(UnionCharacters, UnionCharacters$Options=="LUK")), "Xenon", 
                    rownames(subset(UnionCharacters, UnionCharacters$Options=="DEX")), 
                    rownames(subset(UnionCharacters, UnionCharacters$Options=="STR")))
UnionPrior$HP <- c("Marksman", "NightLord", "Captain", "Mercedes", "Eunwol", "Blaster", "WildHunter", "Mechanic", "DemonAvenger", 
                   rownames(subset(UnionCharacters, UnionCharacters$Options=="HPP")), 
                   rownames(subset(UnionCharacters, UnionCharacters$Options=="HP")), 
                   rownames(subset(UnionCharacters, UnionCharacters$Options=="STR")), "Xenon")
UnionPrior$Xenon <- c("Marksman", "NightLord", "Captain", "Mercedes", "Eunwol", "Blaster", "WildHunter", "Mechanic", "DemonAvenger", "Xenon", 
                   rownames(subset(UnionCharacters, UnionCharacters$Options=="LUK")), 
                   rownames(subset(UnionCharacters, UnionCharacters$Options=="DEX")), 
                   rownames(subset(UnionCharacters, UnionCharacters$Options=="STR")), 
                   rownames(subset(UnionCharacters, UnionCharacters$Options=="INT")))}



## HyperStats
pts <- c(1, 2, 4, 8, 10, 15, 20, 25, 30, 35, 50, 65, 80, 95, 110)
MainStat <- rep(30, 15)
SubStat1 <- rep(30, 15)
SubStat2 <- rep(30, 15)
DMR <- rep(3, 15)
BDR <- c(rep(3, 5), rep(4, 10))
IGR <- rep(3, 15)
CRR <- c(rep(1, 5), rep(2, 10))
CDMR <- rep(1, 15)
ATK <- rep(3, 15)
HyperStats <- cbind(pts, MainStat, SubStat1, SubStat2, DMR, BDR, IGR, CRR, CDMR, ATK)
rownames(HyperStats) <- c(1:15)
HyperStats <- data.frame(HyperStats)

MainStatP <- rep(2, 15)
HyperStatsDA <- cbind(pts, MainStatP, SubStat1, SubStat2, DMR, BDR, IGR, CRR, CDMR, ATK)
rownames(HyperStatsDA) <- c(1:15)
HyperStatsDA <- data.frame(HyperStatsDA)

lv <- 140:275
ptsperlv <- floor((lv-110)/10)
lvpts <- data.frame(lv, ptsperlv)



## LinkSkill
LinkOption <- c("MainStat", "SubStat1", "SubStat2", "MaxHP", "MaxHPP", "ATK", "ATKSub", 
                "MainStatP", "AllstatP", "IGR", "BDR", "CRR", "CDMR", "Disorder")
Disorder <- T
Movable <- T
{AdventureWarrior <- c(0, 0, 0, 0, 0, 0, 0, 0, 0, 0, 0, 0, 0, 0) # HPRecovery
AdventureWizard <- c(0, 0, 0, 0, 0, 0, 0, 0, 0, 9, 9, 0, 0, 1)
AdventureBowman <- c(0, 0, 0, 0, 0, 0, 0, 0, 0, 0, 0, 10, 0, 0)
AdventureThief <- c(0, 0, 0, 0, 0, 0, 0, 0, 0, 0, ifelse(Disorder==T, (10+General$General$Serverlag)/20*18, 0), 0, 0, 0)
AdventurePirates <- c(70, 70, 70, 1225, 0, 0, 0, 0, 0, 0, 0, 0, 0, 0)
Mikhail <- c(0, 0, 0, 0, 0, 0, 0, 0, 0, 0, 0, 0, 0, 0) # Stance
CygnusKnights <- c(0, 0, 0, 0, 0, 25, 25, 0, 0, 0, 0, 0, 0, 0)
Resistance <- c(0, 0, 0, 0, 0, 0, 0, 0, 0, 0, 0, 0, 0, 0) # Invincible
Xenon <- c(0, 0, 0, 0, 0, 0, 0, 0, 10, 0, 0, 0, 0, 0)
DemonSlayer <- c(0, 0, 0, 0, 0, 0, 0, 0, 0, 0, 15, 0, 0, 0)
DemonAvenger <- c(0, 0, 0, 0, 0, 0, 0, 0, 0, 0, 10, 0, 0, 0)
Aran <- c(0, 0, 0, 0, 0, 0, 0, 0, 0, 0, 0, 0, 0, 0) # Combo Kill Exp
Evan <- c(0, 0, 0, 0, 0, 0, 0, 0, 0, 0, 0, 0, 0, 0) # Rune Duration
Luminous <- c(0, 0, 0, 0, 0, 0, 0, 0, 0, 15, 0, 0, 0, 0)
